0.561961,0.873802,0.837304,0.987117,0.475105,1
0.752569,0.427396,0.0825104,0.250514,0.385986,0
0.864861,0.726783,0.260598,0.0430126,0.912016,0
0.90495,0.500955,0.252389,0.55562,0.312775,0
0.426013,0.000288223,0.817363,0.84417,0.97166,1
0.792405,0.945432,0.692199,0.883174,0.500429,1
0.906875,0.841407,0.710829,0.528373,0.360573,1
0.580672,0.346319,0.155803,0.583166,0.267022,0
0.034113,0.337123,0.830846,0.0313205,0.404179,1
0.320594,0.227715,0.0379794,0.201531,0.128959,0
0.88192,0.424384,0.41131,0.629636,0.287654,0
0.398082,0.562874,0.592693,0.215434,0.804787,1
0.544963,0.196939,0.0523321,0.953437,0.412404,0
0.360842,0.679437,0.268362,0.29068,0.466942,0
0.197479,0.0215848,0.900767,0.77524,0.464608,1
0.96334,0.855267,0.674598,0.464233,0.366802,1
0.900553,0.593357,0.846844,0.554767,0.968316,1
0.034097,0.068444,0.492356,0.339054,0.473468,0
0.421334,0.358848,0.578951,0.159856,0.703229,1
0.874802,0.798064,0.165697,0.0655826,0.247321,0
0.0601508,0.955236,0.732139,0.657079,0.526054,1
0.850949,0.903436,0.393042,0.0462215,0.844254,0
0.451491,0.214502,0.383498,0.135981,0.428967,0
0.324371,0.707474,0.642847,0.516538,0.453336,1
0.272242,0.574283,0.217842,0.982198,0.79482,0
0.823987,0.748415,0.533398,0.603441,0.0367577,1
0.401426,0.762082,0.786541,0.319181,0.477744,1
0.417778,0.593124,0.445792,0.628364,0.906921,0
0.308062,0.605874,0.61387,0.923824,0.707004,1
0.886786,0.214576,0.61801,0.386102,0.222942,1
0.427244,0.68384,0.992172,0.305289,0.983973,1
0.645739,0.939938,0.636797,0.536039,0.210763,1
0.0963457,0.282303,0.290063,0.674723,0.0701751,0
0.150152,0.606366,0.433221,0.188853,0.0566349,0
0.899954,0.522878,0.862908,0.015865,0.642851,1
0.717331,0.181906,0.397556,0.29072,0.124279,0
0.48849,0.046165,0.759594,0.895511,0.846668,1
0.81091,0.960393,0.951914,0.320563,0.706291,1
0.679973,0.30492,0.627934,0.797494,0.487555,1
0.604757,0.148951,0.329125,0.418583,0.120463,0
0.569567,0.72004,0.619062,0.71699,0.451258,1
0.528446,0.584046,0.296872,0.06361,0.0938743,0
0.487089,0.499743,0.745492,0.174565,0.918707,1
0.767664,0.133447,0.706359,0.841176,0.640256,1
0.698552,0.571082,0.782037,0.181074,0.316276,1
0.8761,0.617583,0.64282,0.710499,0.34973,1
0.946927,0.999801,0.908785,0.64781,0.734583,1
0.975495,0.136872,0.128397,0.401312,0.849983,0
0.763452,0.338811,0.664471,0.39017,0.579516,1
0.0736189,0.312478,0.922953,0.813191,0.295812,1
0.408469,0.132826,0.712882,0.40742,0.511842,1
0.440578,0.797457,0.524332,0.865984,0.597991,1
0.155474,0.0445875,0.430068,0.381885,0.335642,0
0.999489,0.407194,0.133754,0.716264,0.248602,0
0.867028,0.140555,0.260657,0.30452,0.0614088,0
0.62876,0.564062,0.0971398,0.182615,0.217543,0
0.867036,0.266732,0.242689,0.95674,0.930413,0
0.902161,0.624064,0.454567,0.635918,0.874508,0
0.985904,0.0872248,0.859343,0.987491,0.753723,1
0.810641,0.45058,0.826133,0.906288,0.984666,1
0.616457,0.796105,0.286465,0.137159,0.235159,0
0.71325,0.596333,0.323301,0.564257,0.466176,0
0.211221,0.988534,0.0280961,0.293955,0.502323,0
0.825393,0.388526,0.546191,0.963248,0.316031,1
0.20127,0.749448,0.532826,0.969669,0.233305,1
0.607856,0.230331,0.148962,0.178174,0.564358,0
0.0259522,0.178257,0.16291,0.961185,0.632724,0
0.677852,0.659416,0.197042,0.811423,0.57901,0
0.444041,0.995411,0.415925,0.879294,0.291762,0
0.321982,0.551532,0.646119,0.593168,0.374741,1
0.426631,0.395194,0.271162,0.0190043,0.404546,0
0.909463,0.347122,0.210919,0.0719836,0.828726,0
0.664334,0.465708,0.404097,0.15959,0.223626,0
0.789721,0.846105,0.487284,0.483603,0.920965,0
0.225563,0.0335384,0.664022,0.680151,0.291455,1
0.722899,0.760817,0.485912,0.0497861,0.755495,0
0.217555,0.448233,0.597086,0.443966,0.729308,1
0.996369,0.979677,0.485155,0.434917,0.648123,0
0.714034,0.774405,0.997425,0.418084,0.73011,1
0.816644,0.34231,0.954829,0.206915,0.628045,1
0.46235,0.720612,0.551524,0.328202,0.0896764,1
0.116205,0.0537863,0.19082,0.987176,0.47004,0
0.834758,0.784067,0.955366,0.818337,0.791507,1
0.220858,0.961671,0.854479,0.812102,0.997119,1
0.20554,0.515078,0.578105,0.919437,0.979553,1
0.0656333,0.0983061,0.353964,0.230457,0.293649,0
0.0371045,0.615261,0.360031,0.695296,0.848208,0
0.0088758,0.175646,0.839532,0.0838821,0.80647,1
0.179944,0.320089,0.343796,0.728826,0.371253,0
0.47355,0.955797,0.641428,0.0751752,0.46955,1
0.246703,0.341593,0.725665,0.151865,0.394515,1
0.160347,0.951619,0.606483,0.865991,0.702786,1
0.710738,0.369854,0.721051,0.135194,0.199147,1
0.998048,0.186069,0.0611649,0.254141,0.34142,0
0.493013,0.0611148,0.245879,0.155813,0.746998,0
0.707473,0.499625,0.787393,0.200176,0.354741,1
0.264283,0.811396,0.129307,0.131404,0.506745,0
0.877066,0.855452,0.864454,0.577978,0.0704285,1
0.231489,0.637063,0.691095,0.123925,0.810011,1
0.147048,0.441173,0.856557,0.791089,0.835344,1
0.0392236,0.230735,0.634797,0.970875,0.499132,1
0.941702,0.182788,0.912176,0.112979,0.831252,1
0.0108878,0.991126,0.85643,0.852028,0.0337368,1
0.44307,0.685007,0.0139491,0.919594,0.620937,0
0.350663,0.60053,0.0943863,0.107549,0.581116,0
0.521318,0.793638,0.823914,0.678291,0.0323571,1
0.151258,0.193805,0.826272,0.278786,0.56232,1
0.302394,0.335387,0.918623,0.850304,0.0526601,1
0.912561,0.411894,0.0583038,0.708388,0.878128,0
0.588641,0.292531,0.692366,0.575109,0.854163,1
0.520803,0.130067,0.920481,0.0298743,0.0976362,1
0.736925,0.505397,0.972436,0.205886,0.328959,1
0.437989,0.273664,0.817662,0.470083,0.681543,1
0.379492,0.129478,0.699969,0.132397,0.201541,1
0.103291,0.00841388,0.302618,0.412162,0.201867,0
0.465683,0.727285,0.773039,0.470823,0.116102,1
0.382212,0.835028,0.332384,0.317499,0.213657,0
0.402045,0.175896,0.929994,0.289311,0.453089,1
0.700482,0.000206876,0.0632296,0.476966,0.372374,0
0.283559,0.771194,0.487254,0.464996,0.182333,0
0.259146,0.470029,0.47571,0.783452,0.475704,0
0.109539,0.0263698,0.15756,0.196992,0.838818,0
0.387251,0.532967,0.0193007,0.571471,0.705511,0
0.508457,0.641278,0.530286,0.959517,0.598263,1
0.122273,0.0370597,0.999948,0.863116,0.387705,1
0.727253,0.946292,0.154324,0.322003,0.908085,0
0.24201,0.453873,0.19172,0.236433,0.737804,0
0.123317,0.596576,0.27763,0.648416,0.934768,0
0.947965,0.440309,0.643062,0.269504,0.547116,1
0.937594,0.137502,0.383229,0.988378,0.672129,0
0.518861,0.489849,0.474833,0.896761,0.854788,0
0.53154,0.584611,0.416644,0.564001,0.157212,0
0.58898,0.985401,0.268078,0.636053,0.143107,0
0.278227,0.166365,0.191841,0.0955303,0.577227,0
0.610661,0.382555,0.460856,0.597263,0.19786,0
0.217473,0.0754952,0.432571,0.847463,0.311401,0
0.155694,0.757354,0.710666,0.856277,0.455649,1
0.514779,0.893515,0.0871372,0.305839,0.239367,0
0.699319,0.458099,0.0412149,0.276098,0.373882,0
0.400732,0.0981782,0.829797,0.0812266,0.175496,1
0.289776,0.273127,0.560082,0.437302,0.737971,1
0.705683,0.42072,0.0841736,0.0443743,0.798871,0
0.194384,0.00664247,0.626239,0.639933,0.354294,1
0.168034,0.141583,0.611719,0.581785,0.0679178,1
0.35914,0.0671228,0.493863,0.132537,0.548004,0
0.912965,0.197717,0.30457,0.0214464,0.450316,0
0.29077,0.9792,0.454649,0.421419,0.791465,0
0.257457,0.0723459,0.151976,0.91761,0.277122,0
0.433744,0.939227,0.582581,0.594753,0.0105209,1
0.73266,0.817874,0.823986,0.00324411,0.523826,1
0.99724,0.618369,0.940977,0.923069,0.0221266,1
0.603442,0.0432066,0.880978,0.173679,0.0202112,1
0.319385,0.900114,0.689791,0.210555,0.802305,1
0.81531,0.912632,0.333362,0.61296,0.0235077,0
0.976211,0.179963,0.093293,0.645102,0.230092,0
0.464106,0.231385,0.149073,0.892887,0.743997,0
0.546806,0.173286,0.363512,0.415867,0.474964,0
0.317089,0.315127,0.723408,0.341248,0.357612,1
0.206196,0.535177,0.393063,0.727401,0.432393,0
0.227918,0.616677,0.221171,0.484344,0.372124,0
0.867171,0.536019,0.288086,0.864563,0.716005,0
0.893718,0.715976,0.894918,0.410568,0.414623,1
0.929854,0.0486013,0.569401,0.842237,0.47969,1
0.225569,0.140439,0.147868,0.354799,0.104551,0
0.790595,0.524343,0.188064,0.632199,0.368662,0
0.187821,0.703109,0.106693,0.152192,0.884971,0
0.228842,0.154618,0.705612,0.664354,0.797648,1
0.712157,0.21533,0.0717982,0.0465617,0.562075,0
0.610202,0.662483,0.786911,0.355358,0.507151,1
0.0246798,0.792836,0.686739,0.191226,0.935117,1
0.258666,0.405081,0.508613,0.197375,0.280867,1
0.995662,0.0882057,0.535015,0.472696,0.609921,1
0.313071,0.778147,0.941829,0.310716,0.211788,1
0.14893,0.0672492,0.523541,0.257615,0.740543,1
0.265986,0.420157,0.306495,0.571392,0.380867,0
0.285254,0.271849,0.233491,0.973516,0.88014,0
0.553484,0.403186,0.510475,0.351706,0.127081,1
0.518562,0.478296,0.855686,0.726425,0.0315627,1
0.293201,0.82132,0.473868,0.920365,0.566683,0
0.470607,0.498097,0.248972,0.51753,0.131446,0
0.54792,0.885164,0.217442,0.956631,0.105273,0
0.718604,0.578698,0.316221,0.185085,0.71642,0
0.0184714,0.448198,0.866664,0.865386,0.535244,1
0.368067,0.096117,0.850501,0.439149,0.78078,1
0.36864,0.732686,0.565501,0.260001,0.835972,1
0.00422943,0.0840162,0.179687,0.0607228,0.567528,0
0.693537,0.274519,0.447712,0.842568,0.0433697,0
0.737459,0.474072,0.914544,0.723436,0.781561,1
0.250304,0.866992,0.68824,0.530301,0.777027,1
0.311753,0.63619,0.492016,0.440467,0.925711,0
0.78474,0.123167,0.42011,0.0757413,0.984544,0
0.72882,0.28463,0.238515,0.781188,0.433844,0
0.407392,0.0292757,0.616137,0.0358524,0.572017,1
0.970893,0.793521,0.888973,0.706077,0.0358962,1
0.152614,0.981046,0.3075,0.439668,0.507213,0
0.325309,0.464382,0.725431,0.860784,0.204564,1
0.878996,0.29371,0.114945,0.378468,0.917938,0
0.378314,0.316046,0.780233,0.779489,0.877739,1
0.245877,0.458326,0.162387,0.0856377,0.313025,0
0.562996,0.280359,0.00961284,0.997886,0.471751,0
0.570392,0.583076,0.71307,0.758035,0.29299,1
0.922487,0.24581,0.283151,0.321382,0.459616,0
0.446298,0.93365,0.772264,0.860402,0.779444,1
0.644898,0.798706,0.115466,0.852777,0.622248,0
0.958083,0.497303,0.126195,0.169024,0.779207,0
0.597263,0.207612,0.136407,0.328655,0.701705,0
0.675441,0.134547,0.55356,0.328257,0.0211317,1
0.483626,0.299237,0.160676,0.279937,0.8976,0
0.919036,0.245808,0.970365,0.293347,0.291259,1
0.561526,0.561406,0.194,0.548597,0.265629,0
0.405172,0.728753,0.422051,0.148335,0.0728035,0
0.120783,0.997726,0.608325,0.782931,0.722113,1
0.202402,0.778717,0.561504,0.893894,0.681849,1
0.851917,0.164745,0.839225,0.869376,0.602893,1
0.37393,0.634528,0.822953,0.510722,0.704222,1
0.901148,0.600497,0.863741,0.558349,0.179909,1
0.665611,0.918287,0.73164,0.655309,0.770504,1
0.884571,0.989218,0.852495,0.787503,0.557243,1
0.273682,0.772071,0.587391,0.198637,0.486931,1
0.486101,0.891561,0.853483,0.465102,0.976583,1
0.0684967,0.223324,0.434406,0.401999,0.401884,0
0.597934,0.482483,0.465139,0.0862364,0.374597,0
0.009605,0.43131,0.858512,0.025536,0.182735,1
0.371533,0.363123,0.224631,0.0103636,0.180309,0
0.140484,0.116532,0.451665,0.545933,0.498468,0
0.226793,0.710845,0.749285,0.174114,0.330721,1
0.427978,0.0258917,0.427704,0.161048,0.731784,0
0.522095,0.854471,0.097788,0.096051,0.328564,0
0.903465,0.53897,0.174029,0.463396,0.294583,0
0.23977,0.806352,0.0637972,0.358004,0.965421,0
0.972202,0.807337,0.826083,0.908121,0.796033,1
0.518826,0.90637,0.932321,0.360041,0.211202,1
0.135689,0.520393,0.673358,0.246728,0.755976,1
0.429509,0.755018,0.683134,0.587266,0.183658,1
0.55295,0.427851,0.737285,0.895499,0.654351,1
0.321327,0.550701,0.673846,0.631238,0.222205,1
0.937285,0.95434,0.600579,0.588962,0.691004,1
0.293307,0.608479,0.710614,0.705825,0.797612,1
0.402038,0.0472543,0.465247,0.202687,0.568408,0
0.605401,0.968061,0.231011,0.20461,0.873023,0
0.736428,0.147547,0.892232,0.818088,0.604939,1
0.510251,0.787952,0.213929,0.101026,0.940617,0
0.423681,0.809408,0.954508,0.713919,0.82974,1
0.942072,0.40465,0.434637,0.944561,0.239528,0
0.0386564,0.697787,0.748857,0.710338,0.658406,1
0.144336,0.851085,0.825736,0.182975,0.268547,1
0.655523,0.368129,0.472818,0.142949,0.539078,0
0.231196,0.716015,0.281861,0.0565721,0.806732,0
0.829043,0.721912,0.743906,0.171395,0.636401,1
0.7095,0.561456,0.999328,0.383279,0.770734,1
0.441742,0.354623,0.729663,0.145557,0.381123,1
0.0824653,0.995078,0.530379,0.279495,0.478195,1
0.31799,0.462094,0.0156672,0.419514,0.763661,0
0.13107,0.889376,0.850784,0.748552,0.912666,1
0.426092,0.333401,0.181914,0.464852,0.759822,0
0.232557,0.577395,0.321071,0.274921,0.600842,0
0.755998,0.0512784,0.343414,0.835525,0.673769,0
0.0217385,0.358451,0.0308218,0.484652,0.545268,0
0.673483,0.228069,0.319133,0.148053,0.329617,0
0.00405593,0.167974,0.868745,0.133163,0.069321,1
0.883015,0.833367,0.0777583,0.394924,0.480782,0
0.641975,0.668016,0.5081,0.338534,0.741322,1
0.87278,0.812557,0.396434,0.638989,0.49443,0
0.428792,0.701995,0.88787,0.422023,0.940395,1
0.770672,0.676069,0.225666,0.693164,0.0105436,0
0.722855,0.0257565,0.206148,0.889186,0.548029,0
0.18585,0.582493,0.718045,0.966566,0.0762353,1
0.70489,0.0810573,0.287422,0.329836,0.55185,0
0.543809,0.802546,0.950232,0.396782,0.708763,1
0.926854,0.642103,0.173495,0.826998,0.352771,0
0.621827,0.0428925,0.0255026,0.893697,0.366818,0
0.594384,0.811066,0.115225,0.585091,0.622422,0
0.288076,0.697315,0.040774,0.771403,0.962256,0
0.247565,0.822497,0.632192,0.70667,0.0096177,1
0.929481,0.784266,0.644727,0.155078,0.40133,1
0.870003,0.142273,0.161175,0.185356,0.281064,0
0.510983,0.092491,0.834683,0.496167,0.0721191,1
0.746668,0.252561,0.105417,0.789085,0.148953,0
0.766141,0.535858,0.450929,0.170563,0.647033,0
0.886657,0.0447469,0.675307,0.0604909,0.669785,1
0.84174,0.125268,0.0776963,0.373622,0.45668,0
0.779111,0.522962,0.425464,0.424549,0.392415,0
0.0718762,0.0225021,0.310708,0.192585,0.778841,0
0.407169,0.289891,0.977712,0.201442,0.638309,1
0.514228,0.627008,0.066491,0.117762,0.22623,0
0.429784,0.372936,0.239866,0.933009,0.0815977,0
0.730316,0.419907,0.413026,0.383118,0.0650801,0
0.125806,0.417516,0.800924,0.183912,0.000817285,1
0.761197,0.434616,0.736108,0.59844,0.974986,1
0.288186,0.537764,0.58168,0.197662,0.109823,1
0.791115,0.264754,0.797215,0.718619,0.836436,1
0.31089,0.132808,0.987524,0.109134,0.212122,1
0.9081,0.439738,0.138687,0.674516,0.586533,0
0.131558,0.0942445,0.859114,0.967205,0.819453,1
0.35264,0.823898,0.551517,0.252795,0.732127,1
0.746331,0.582356,0.859686,0.661575,0.0930226,1
0.902636,0.605364,0.430351,0.346115,0.159661,0
0.883548,0.789605,0.429278,0.898928,0.276527,0
0.88715,0.335196,0.583619,0.644858,0.12077,1
0.578029,0.934467,0.786492,0.594444,0.814665,1
0.159703,0.123141,0.0702778,0.629231,0.490655,0
0.821494,0.848201,0.443674,0.72169,0.4444,0
0.188846,0.930176,0.0263098,0.475327,0.829158,0
0.562843,0.700318,0.654047,0.250647,0.621236,1
0.522907,0.497711,0.11058,0.0298537,0.750427,0
0.0624116,0.950944,0.430003,0.520166,0.423617,0
0.283689,0.967915,0.730308,0.754447,0.995378,1
0.432878,0.372366,0.312039,0.36042,0.582164,0
0.580958,0.156484,0.431343,0.0231364,0.854096,0
0.105899,0.842632,0.788428,0.122892,0.447814,1
0.921368,0.439561,0.401971,0.697968,0.740333,0
0.937434,0.46021,0.776161,0.752583,0.669881,1
0.305683,0.617635,0.685804,0.592178,0.739253,1
0.177539,0.892931,0.626357,0.494945,0.545822,1
0.112094,0.965064,0.633076,0.827852,0.701378,1
0.484564,0.0593066,0.0655373,0.76545,0.913379,0
0.763755,0.424745,0.162121,0.695643,0.675723,0
0.731782,0.0638763,0.876583,0.568859,0.81661,1
0.848124,0.423875,0.765029,0.0591431,0.0181515,1
0.270265,0.349295,0.0720694,0.608629,0.233507,0
0.316156,0.635145,0.557049,0.881921,0.451096,1
0.168618,0.965594,0.568107,0.732663,0.870576,1
0.770066,0.490965,0.778709,0.651817,0.0895295,1
0.49713,0.262975,0.721515,0.825403,0.546196,1
0.740852,0.498383,0.923528,0.330035,0.901216,1
0.641891,0.254354,0.730508,0.930937,0.263184,1
0.192221,0.652649,0.340405,0.0640518,0.518352,0
0.720384,0.488742,0.936676,0.281569,0.331858,1
0.102457,0.989547,0.534486,0.322217,0.502565,1
0.143177,0.369162,0.603983,0.507698,0.874983,1
0.752751,0.491256,0.834876,0.532278,0.00191323,1
0.0501964,0.650088,0.155593,0.0223236,0.192511,0
0.54516,0.510749,0.53005,0.157541,0.795506,1
0.533439,0.502275,0.0726205,0.7339,0.6499,0
0.124706,0.937227,0.867741,0.977836,0.487598,1
0.475004,0.392328,0.0593488,0.851842,0.902015,0
0.973394,0.834718,0.168024,0.109544,0.102528,0
0.634209,0.143734,0.191208,0.745239,0.224809,0
0.738071,0.763611,0.362631,0.00502767,0.499994,0
0.722046,0.421155,0.400233,0.357443,0.549641,0
0.298755,0.172022,0.817772,0.169067,0.502309,1
0.239797,0.26925,0.307267,0.292021,0.997807,0
0.0232265,0.367371,0.146785,0.408992,0.928577,0
0.864849,0.520245,0.597541,0.760783,0.487563,1
0.177555,0.168028,0.475408,0.0481985,0.0728973,0
0.880489,0.380463,0.185213,0.446112,0.796176,0
0.939856,0.15733,0.334202,0.250928,0.345295,0
0.940226,0.386541,0.371806,0.596494,0.266968,0
0.236431,0.695878,0.936707,0.629699,0.345606,1
0.614326,0.970407,0.607819,0.625053,0.269676,1
0.11966,0.126487,0.449463,0.869724,0.456235,0
0.594399,0.0681935,0.934705,0.127583,0.279677,1
0.822894,0.382423,0.532208,0.375224,0.383664,1
0.647968,0.399751,0.236309,0.612158,0.545099,0
0.358039,0.554418,0.476846,0.0969428,0.31754,0
0.904875,0.226478,0.898965,0.416048,0.519688,1
0.478004,0.81055,0.39528,0.910688,0.925706,0
0.662458,0.933126,0.348287,0.0434807,0.779607,0
0.00037741,0.343124,0.850062,0.878072,0.757138,1
0.723345,0.260294,0.217571,0.767594,0.954592,0
0.832995,0.147266,0.830299,0.10065,0.624682,1
0.639433,0.942394,0.0387124,0.823956,0.233659,0
0.363506,0.450065,0.100039,0.234687,0.378479,0
0.187586,0.762587,0.100684,0.796626,0.894483,0
0.654176,0.737016,0.57474,0.0294023,0.164758,1
0.381901,0.603828,0.0865343,0.53914,0.327064,0
0.0511884,0.32304,0.971265,0.338521,0.524281,1
0.425985,0.527098,0.590494,0.937961,0.318275,1
0.152464,0.454068,0.246573,0.518633,0.660782,0
0.439693,0.9223,0.770836,0.0951011,0.364782,1
0.236755,0.14293,0.891428,0.220255,0.826985,1
0.68559,0.717622,0.137186,0.0663585,0.287375,0
0.224227,0.586893,0.917072,0.912271,0.534579,1
0.197389,0.516652,0.674195,0.373958,0.117204,1
0.151258,0.193327,0.84073,0.254981,0.470396,1
0.803592,0.978877,0.940965,0.980582,0.641912,1
0.896294,0.0182676,0.621223,0.0239894,0.189242,1
0.327481,0.98082,0.583467,0.634996,0.384574,1
0.443426,0.663422,0.532126,0.136739,0.170061,1
0.120745,0.362741,0.21581,0.596028,0.439903,0
0.665362,0.744093,0.441701,0.976002,0.671911,0
0.478497,0.10719,0.804634,0.541445,0.0605015,1
0.817632,0.939042,0.849338,0.476594,0.119582,1
0.72305,0.293446,0.818333,0.941105,0.148968,1
0.761116,0.0788467,0.697076,0.175862,0.709416,1
0.486882,0.0189571,0.160676,0.611751,0.696055,0
0.00605797,0.816368,0.601535,0.70107,0.878564,1
0.0983899,0.638617,0.0262449,0.230181,0.647627,0
0.760453,0.926897,0.662091,0.350781,0.573714,1
0.794948,0.695174,0.414696,0.797214,0.783695,0
0.404774,0.0361114,0.566931,0.924183,0.737582,1
0.545382,0.23913,0.534512,0.0498214,0.348131,1
0.919368,0.812172,0.0330172,0.177484,0.975775,0
0.669325,0.341416,0.844628,0.185076,0.575936,1
0.902938,0.67833,0.763367,0.693474,0.21785,1
0.746399,0.725632,0.39964,0.701667,0.918489,0
0.540677,0.163302,0.041622,0.623652,0.717502,0
0.821787,0.773085,0.0482431,0.242559,0.694287,0
0.562798,0.939439,0.877525,0.146884,0.671812,1
0.892086,0.285616,0.144755,0.352265,0.522653,0
0.219068,0.878971,0.233428,0.860473,0.972668,0
0.74353,0.515119,0.629722,0.611327,0.577714,1
0.030546,0.38593,0.642472,0.317325,0.272946,1
0.235862,0.140727,0.395326,0.196457,0.852581,0
0.356307,0.451492,0.330955,0.229474,0.767769,0
0.0405491,0.508096,0.901948,0.576398,0.512889,1
0.711866,0.339752,0.121539,0.213758,0.625717,0
0.669846,0.0960948,0.431527,0.0648844,0.512213,0
0.260681,0.270626,0.763388,0.412752,0.11538,1
0.370806,0.135039,0.190062,0.607875,0.5572,0
0.420639,0.68567,0.853895,0.0496227,0.00867374,1
0.417624,0.0114313,0.779581,0.126651,0.623683,1
0.84669,0.320121,0.236202,0.269229,0.923986,0
0.806509,0.000772775,0.43332,0.988032,0.853255,0
0.98423,0.951365,0.6555,0.586814,0.575589,1
0.330007,0.424058,0.932667,0.13464,0.896607,1
0.178007,0.759512,0.273111,0.124244,0.168163,0
0.707572,0.163691,0.309377,0.159304,0.425162,0
0.832604,0.570471,0.696307,0.898837,0.75944,1
0.0846801,0.217674,0.904152,0.445256,0.415215,1
0.404717,0.0812709,0.516952,0.919416,0.621458,1
0.344116,0.56152,0.842467,0.465509,0.816079,1
0.581984,0.408212,0.833616,0.821843,0.710653,1
0.189464,0.328729,0.943428,0.946771,0.374124,1
0.949434,0.136988,0.903728,0.362248,0.300491,1
0.847256,0.83398,0.355974,0.7091,0.843331,0
0.184583,0.29102,0.872088,0.176216,0.664916,1
0.623622,0.212795,0.235177,0.439361,0.345769,0
0.148953,0.454279,0.343378,0.0643146,0.934936,0
0.67141,0.389839,0.472819,0.0217528,0.598846,0
0.718345,0.216585,0.799353,0.151947,0.778436,1
0.33826,0.137147,0.170485,0.0310476,0.817786,0
0.00089217,0.994705,0.526447,0.010597,0.104505,1
0.93827,0.503229,0.419405,0.768142,0.167207,0
0.747884,0.683806,0.249167,0.734989,0.956889,0
0.269276,0.724115,0.432574,0.199091,0.116624,0
0.446549,0.145669,0.09701,0.261838,0.718559,0
0.91503,0.910482,0.819415,0.465465,0.0721666,1
0.784899,0.795873,0.903777,0.230392,0.202074,1
0.740397,0.846761,0.258567,0.517626,0.734655,0
0.0313553,0.988738,0.33873,0.726914,0.237714,0
0.11926,0.409545,0.264718,0.220739,0.966487,0
0.776726,0.441323,0.752233,0.32094,0.0307484,1
0.318417,0.641927,0.788381,0.870978,0.53019,1
0.466999,0.857322,0.89531,0.00902096,0.615274,1
0.341899,0.304269,0.911664,0.850423,0.0586916,1
0.40193,0.237759,0.429547,0.00837984,0.83989,0
0.156275,0.509386,0.0272598,0.254118,0.956159,0
0.0654221,0.549721,0.16672,0.155784,0.262091,0
0.91292,0.454751,0.969115,0.00768022,0.0814743,1
0.164156,0.964683,0.338976,0.428957,0.485028,0
0.926152,0.836628,0.864873,0.201994,0.90585,1
0.267268,0.970174,0.617556,0.712573,0.214006,1
0.33221,0.456832,0.792844,0.982887,0.382143,1
0.528157,0.742584,0.674096,0.604025,0.841117,1
0.87912,0.376447,0.646033,0.951573,0.0950697,1
0.329999,0.296793,0.83604,0.198667,0.998463,1
0.849959,0.264183,0.163316,0.13174,0.149002,0
0.666391,0.0364092,0.270522,0.929678,0.0976688,0
0.492956,0.115627,0.519218,0.338703,0.579234,1
0.163056,0.478243,0.182255,0.83418,0.0660254,0
0.884911,0.692419,0.689111,0.478327,0.245212,1
0.28386,0.834495,0.276925,0.363186,0.0679487,0
0.154459,0.991461,0.0131585,0.48609,0.719741,0
0.41734,0.22941,0.684502,0.696567,0.193347,1
0.60589,0.191846,0.584495,0.350097,0.0778735,1
0.361389,0.862397,0.819204,0.312869,0.393265,1
0.176755,0.717434,0.611958,0.917051,0.87604,1
0.787092,0.64886,0.602236,0.39257,0.922148,1
0.36157,0.899404,0.548721,0.288483,0.527333,1
0.437698,0.39177,0.878351,0.486284,0.971691,1
0.495976,0.863026,0.213928,0.876918,0.362777,0
0.0421253,2.76477e-05,0.187067,0.464675,0.793095,0
0.434283,0.989187,0.554795,0.26377,0.179999,1
0.865504,0.521311,0.234835,0.668847,0.308259,0
0.649918,0.177657,0.905495,0.889579,0.152381,1
0.537432,0.624168,0.0644099,0.394761,0.756251,0
0.806001,0.46679,0.310216,0.342312,0.231459,0
0.129814,0.789164,0.130549,0.478669,0.98421,0
0.110572,0.389733,0.621593,0.250708,0.649691,1
0.862691,0.252897,0.359782,0.439755,0.958143,0
0.995991,0.612339,0.515975,0.578928,0.0481178,1
0.608857,0.0543877,0.716345,0.0944468,0.368084,1
0.0438293,0.639616,0.381451,0.0320103,0.996582,0
0.412619,0.885819,0.546702,0.968051,0.0378296,1
0.942816,0.902117,0.802757,0.877717,0.797827,1
0.606813,0.703843,0.0841677,0.482339,0.671754,0
0.0829828,0.692006,0.177729,0.541965,0.802799,0
0.386289,0.354554,0.636365,0.996568,0.318445,1
0.656598,0.436954,0.113028,0.881351,0.858088,0
0.812649,0.198041,0.886584,0.479517,0.246078,1
0.599523,0.186735,0.828322,0.463168,0.47159,1
0.174405,0.224511,0.0111962,0.348941,0.65792,0
0.850766,0.816199,0.660133,0.861084,0.235229,1
0.890418,0.260108,0.500559,0.634401,0.379562,1
0.756481,0.176975,0.306822,0.417914,0.877116,0
0.474913,0.857819,0.695691,0.369258,0.122098,1
0.833922,0.726014,0.0953075,0.118687,0.776357,0
0.332794,0.274903,0.224212,0.296584,0.680362,0
0.56875,0.976404,0.843492,0.416441,0.124322,1
0.0313776,0.363629,0.477005,0.518503,0.488253,0
0.2027,0.773529,0.0646875,0.704901,0.26529,0
0.501135,0.574337,0.729369,0.884578,0.101793,1
0.184198,0.810888,0.827047,0.597625,0.281007,1
0.277019,0.852984,0.888396,0.108716,0.185444,1
0.582122,0.719644,0.750198,0.0606551,0.430905,1
0.132595,0.51586,0.21474,0.0566788,0.600739,0
0.214628,0.257052,0.624931,0.274158,0.774847,1
0.153089,0.95938,0.848525,0.297044,0.417949,1
0.30417,0.181231,0.466966,0.942312,0.43764,0
0.706898,0.831038,0.419094,0.258233,0.118176,0
0.0779257,0.698035,0.177431,0.871157,0.539632,0
0.359122,0.75795,0.594833,0.863754,0.115356,1
0.476018,0.43402,0.789759,0.570928,0.57854,1
0.182609,0.113131,0.529433,0.397057,0.336432,1
0.309026,0.795908,0.415322,0.832342,0.167974,0
0.897993,0.573292,0.130713,0.325524,0.0772214,0
0.755817,0.0234439,0.860698,0.0221996,0.109139,1
0.163997,0.304281,0.302384,0.0517094,0.0790648,0
0.424673,0.478338,0.842829,0.419693,0.780374,1
0.980536,0.875977,0.748913,0.544049,0.825832,1
0.225533,0.529512,0.764457,0.515056,0.5531,1
0.980042,0.570258,0.958766,0.329457,0.188864,1
0.0603636,0.53094,0.229253,0.510188,0.730053,0
0.0136108,0.757526,0.0066647,0.743433,0.877232,0
0.00709586,0.260164,0.6461,0.568635,0.0453331,1
0.822729,0.602105,0.914132,0.575986,0.592954,1
0.0868774,0.148808,0.776943,0.0122481,0.854431,1
0.706756,0.441389,0.428673,0.430766,0.878334,0
0.659025,0.232796,0.1567,0.597355,0.739036,0
0.773125,0.918124,0.98535,0.904621,0.973332,1
0.874605,0.484888,0.783535,0.516039,0.06825,1
0.041701,0.868092,0.0785412,0.0244738,0.331139,0
0.633846,0.0514617,0.449077,0.916352,0.129458,0
0.27022,0.583157,0.799088,0.111472,0.517307,1
0.665751,0.282477,0.378334,0.590351,0.0262322,0
0.211649,0.180224,0.884347,0.0251687,0.0109148,1
0.303688,0.0796392,0.445666,0.496311,0.498685,0
0.176815,0.725964,0.396631,0.271044,0.444674,0
0.771606,0.386488,0.634186,0.702949,0.466158,1
0.692219,0.127616,0.721467,0.840436,0.214729,1
0.664375,0.147784,0.944229,0.809364,0.983061,1
0.987229,0.358152,0.304932,0.468951,0.659905,0
0.646137,0.623094,0.0250875,0.336393,0.752334,0
0.957855,0.662366,0.479917,0.389758,0.660121,0
0.585397,0.768392,0.654465,0.37262,0.63271,1
0.287044,0.349573,0.956107,0.267111,0.339606,1
0.175531,0.145103,0.757373,0.73944,0.770961,1
0.0889679,0.283352,0.534663,0.290745,0.558306,1
0.0928427,0.406531,0.450711,0.568196,0.666264,0
0.611513,0.701171,0.905195,0.584493,0.581002,1
0.525172,0.570454,0.901679,0.619389,0.0711763,1
0.52307,0.230695,0.260518,0.288549,0.640148,0
0.44725,0.936728,0.973371,0.594237,0.340477,1
0.912338,0.660379,0.393819,0.990406,0.756171,0
0.342758,0.739279,0.962179,0.0676387,0.804185,1
0.0239837,0.0937364,0.943418,0.427838,0.675735,1
0.276398,0.425623,0.0732597,0.446674,0.257286,0
0.0793297,0.294209,0.209382,0.777822,0.850626,0
0.203695,0.508443,0.479277,0.405767,0.724396,0
0.300178,0.0905645,0.922907,0.117225,0.196525,1
0.76688,0.948629,0.990645,0.601776,0.0445349,1
0.84777,0.474488,0.49889,0.715655,0.00916785,0
0.533867,0.706706,0.0839849,0.608632,0.283956,0
0.948063,0.0938954,0.449631,0.0995336,0.862011,0
0.130583,0.710226,0.817703,0.76307,0.924968,1
0.172687,0.34279,0.936644,0.265517,0.536976,1
0.119638,0.76026,0.950444,0.690466,0.660788,1
0.284292,0.0920284,0.860432,0.721811,0.484116,1
0.803522,0.786208,0.536193,0.805509,0.191258,1
0.964218,0.608904,0.468969,0.84788,0.316173,0
0.542376,0.715729,0.924885,0.254641,0.744514,1
0.3714,0.12126,0.0536307,0.0109499,0.0357661,0
0.965327,0.257608,0.121376,0.615619,0.700321,0
0.446751,0.540748,0.293833,0.354335,0.307327,0
0.342619,0.405511,0.246644,0.419979,0.586344,0
0.563158,0.997088,0.684629,0.0525953,0.969218,1
0.397679,0.79063,0.640114,0.120438,0.207833,1
0.193991,0.404458,0.0480273,0.729536,0.305386,0
0.316363,0.113262,0.616131,0.59035,0.0123326,1
0.256597,0.61759,0.273235,0.830555,0.1394,0
0.639951,0.649222,0.894427,0.481728,0.398995,1
0.38236,0.325895,0.913154,0.323181,0.697131,1
0.0996276,0.440292,0.67288,0.991135,0.0110676,1
0.669701,0.672401,0.0131296,0.0480389,0.38922,0
0.304298,0.332926,0.614583,0.494868,0.253266,1
0.870712,0.0611761,0.641213,0.187524,0.715919,1
0.261114,0.540697,0.458991,0.494914,0.0112733,0
0.512983,0.702403,0.470608,0.292769,0.569993,0
0.345537,0.435492,0.871205,0.305964,0.337984,1
0.99965,0.115024,0.504492,0.212508,0.622818,1
0.937966,0.391514,0.702501,0.177194,0.107069,1
0.15444,0.680848,0.502002,0.0143545,0.255714,1
0.951221,0.177223,0.778066,0.589838,0.410464,1
0.514236,0.761394,0.66874,0.753122,0.725217,1
0.576017,0.121124,0.721281,0.736114,0.867651,1
0.342032,0.53408,0.611611,0.281643,0.571038,1
0.115541,0.899535,0.438634,0.489986,0.186373,0
0.509257,0.0862839,0.366247,0.172684,0.29292,0
0.819863,0.431804,0.106731,0.326801,0.552325,0
0.934812,0.383734,0.922171,0.421159,0.416791,1
0.57293,0.242705,0.000688578,0.145983,0.536577,0
0.138415,0.344443,0.241634,0.0454804,0.388275,0
0.357005,0.183541,0.732157,0.76695,0.125558,1
0.972887,0.305729,0.254357,0.384932,0.556928,0
0.685291,0.677495,0.285041,0.651559,0.749119,0
0.852704,0.403612,0.442664,0.508741,0.408969,0
0.515253,0.863263,0.543911,0.866261,0.251065,1
0.232521,0.976721,0.643555,0.749681,0.892363,1
0.870526,0.933728,0.945789,0.161231,0.806749,1
0.341975,0.574004,0.0316738,0.278096,0.954954,0
0.492993,0.73823,0.90965,0.432825,0.493825,1
0.862326,0.119434,0.71755,0.327489,0.111982,1
0.574168,0.049687,0.0767879,0.0895579,0.200426,0
0.263851,0.544276,0.557462,0.638988,0.474058,1
0.588138,0.835701,0.495007,0.628904,0.989633,0
0.685814,0.467525,0.76853,0.687556,0.754636,1
0.720059,0.0345528,0.165331,0.72855,0.738425,0
0.147471,0.551554,0.716198,0.976222,0.360244,1
0.598688,0.154862,0.618052,0.75742,0.956242,1
0.39275,0.95622,0.565621,0.197664,0.143641,1
0.761712,0.0919739,0.171997,0.805852,0.959081,0
0.685332,0.372578,0.26731,0.917137,0.324599,0
0.509361,0.825827,0.53683,0.682241,0.421068,1
0.395421,0.833271,0.895603,0.792514,0.776349,1
0.320714,0.239992,0.0964075,0.539929,0.591375,0
0.330167,0.115577,0.239979,0.506134,0.589331,0
0.962022,0.699527,0.88808,0.955939,0.459753,1
0.333258,0.0621484,0.0605303,0.527324,0.731551,0
0.502742,0.585759,0.183406,0.856619,0.196471,0
0.397532,0.314234,0.0801093,0.328127,0.8386,0
0.583031,0.995598,0.349234,0.0132069,0.968268,0
0.594308,0.536409,0.685286,0.420149,0.450412,1
0.0864206,0.471515,0.069738,0.755894,0.302414,0
0.619682,0.989642,0.664462,0.920401,0.176592,1
0.793366,0.102878,0.988802,0.0683418,0.620837,1
0.475305,0.454071,0.404384,0.574012,0.422171,0
0.848027,0.783272,0.434096,0.450304,0.252486,0
0.938123,0.0298614,0.538165,0.880955,0.217234,1
0.317844,0.0121512,0.0479751,0.224927,0.340417,0
0.273372,0.562566,0.389437,0.043026,0.138292,0
0.966026,0.993569,0.27292,0.921989,0.860771,0
0.762707,0.817974,0.971307,0.685178,0.783725,1
0.662491,0.494292,0.0583485,0.565966,0.192419,0
0.476834,0.154702,0.981822,0.0711439,0.715067,1
0.0733698,0.126255,0.128463,0.960304,0.831839,0
0.139151,0.710529,0.719768,0.853787,0.60003,1
0.361547,0.521735,0.707703,0.800978,0.0369047,1
0.22189,0.297275,0.257584,0.301284,0.675914,0
0.955589,0.586775,0.0865684,0.920468,0.299035,0
0.197465,0.787498,0.875302,0.479997,0.309422,1
0.895269,0.786003,0.449152,0.359762,0.523121,0
0.236035,0.0462195,0.091345,0.811078,0.794814,0
0.996593,0.735661,0.440531,0.260976,0.220719,0
0.17001,0.353352,0.616836,0.78803,0.411841,1
0.0231069,0.358327,0.81014,0.3957,0.531159,1
0.449471,0.259196,0.191376,0.313712,0.557014,0
0.641781,0.417732,0.729437,0.826656,0.60662,1
0.17185,0.281434,0.455297,0.0569201,0.656379,0
0.4038,0.672715,0.769822,0.32212,0.86312,1
0.207099,0.715477,0.462736,0.0251063,0.961508,0
0.208456,0.51805,0.0698048,0.868515,0.137227,0
0.922389,0.588091,0.372221,0.0393994,0.185112,0
0.952207,0.750476,0.170521,0.246153,0.0860347,0
0.473223,0.456669,0.985153,0.232176,0.190357,1
0.142241,0.639952,0.33832,0.675683,0.21099,0
0.60925,0.66839,0.10059,0.626904,0.381028,0
0.374028,0.296309,0.938738,0.0608162,0.137889,1
0.901435,0.42349,0.504903,0.588755,0.204106,1
0.942899,0.297903,0.416787,0.853006,0.473409,0
0.447002,0.760969,0.583295,0.607373,0.12082,1
0.952816,0.986514,0.615931,0.335425,0.486486,1
0.948129,0.205835,0.364845,0.462322,0.243767,0
0.568606,0.555582,0.993846,0.673964,0.308482,1
0.60057,0.783951,0.652799,0.865994,0.76949,1
0.734899,0.444928,0.81762,0.910358,0.388292,1
0.962029,0.829335,0.0224289,0.641693,0.929626,0
0.810657,0.719213,0.231618,0.809328,0.381745,0
0.319114,0.351217,0.993593,0.896566,0.587701,1
0.11221,0.92164,0.493135,0.0118118,0.520716,0
0.228382,0.41797,0.681218,0.825414,0.734867,1
0.118354,0.177114,0.904987,0.749827,0.35032,1
0.0336201,0.0528097,0.835071,0.57258,0.347766,1
0.273819,0.082517,0.910887,0.863688,0.00091241,1
0.300559,0.489834,0.334878,0.647389,0.666244,0
0.562386,0.0221257,0.564263,0.867447,0.174606,1
0.167601,0.865658,0.601605,0.109358,0.979243,1
0.70707,0.718288,0.143018,0.25827,0.744403,0
0.837781,0.588341,0.173549,0.241659,0.558926,0
0.719442,0.659863,0.869799,0.315823,0.0340864,1
0.168187,0.721444,0.89077,0.303656,0.53951,1
0.152979,0.116426,0.5474,0.778692,0.476678,1
0.275104,0.672034,0.533901,0.876086,0.374112,1
0.223762,0.761831,0.701447,0.0909382,0.398473,1
0.932105,0.896508,0.136844,0.614195,0.770743,0
0.349031,0.160685,0.877393,0.625447,0.895496,1
0.096641,0.245474,0.60398,0.678452,0.741298,1
0.821429,0.763968,0.00088186,0.00267183,0.905484,0
0.746844,0.200339,0.471634,0.102376,0.626742,0
0.947811,0.856511,0.647168,0.384126,0.00604681,1
0.161834,0.951727,0.628676,0.678781,0.274502,1
0.00619468,0.113987,0.55941,0.775686,0.955422,1
0.707346,0.362784,0.780074,0.306341,0.678017,1
0.292686,0.165794,0.425138,0.492794,0.394234,0
0.740995,0.899733,0.887472,0.806496,0.771014,1
0.547811,0.0635769,0.433185,0.536441,0.966532,0
0.144096,0.828081,0.498015,0.550661,0.953569,0
0.246941,0.339662,0.628205,0.704787,0.350937,1
0.17251,0.376118,0.191776,0.420005,0.0279391,0
0.837858,0.872131,0.572787,0.911199,0.522347,1
0.660464,0.411033,0.0855394,0.232399,0.929053,0
0.58268,0.101223,0.597405,0.248831,0.109094,1
0.678822,0.95794,0.548978,0.0967597,0.240955,1
0.674693,0.566368,0.736757,0.951185,0.568746,1
0.363479,0.996933,0.921423,0.459829,0.341535,1
0.0300746,0.463617,0.175345,0.00743649,0.985106,0
0.804887,0.733734,0.671435,0.860292,0.933149,1
0.0601548,0.0220344,0.430479,0.332101,0.617479,0
0.0193205,0.720091,0.971918,0.572021,0.954613,1
0.0553582,0.404733,0.178322,0.354716,0.718196,0
0.619426,0.698624,0.71581,0.776531,0.157355,1
0.770739,0.817075,0.670421,0.587298,0.710466,1
0.858397,0.0855313,0.808881,0.523784,0.235101,1
0.0631493,0.350371,0.341052,0.67945,0.514045,0
0.876663,0.0722436,0.555416,0.198541,0.870418,1
0.473617,0.0827626,0.117955,0.990517,0.613525,0
0.597822,0.588587,0.510061,0.388421,0.198285,1
0.198591,0.71677,0.571738,0.745903,0.388765,1
0.972338,0.0788934,0.966679,0.961903,0.707169,1
0.0128813,0.496447,0.381211,0.77763,0.622085,0
0.140578,0.697372,0.379374,0.732222,0.461893,0
0.348311,0.0579324,0.0307817,0.669098,0.536017,0
0.111336,0.227022,0.829423,0.554626,0.59108,1
0.184296,0.466823,0.283821,0.888991,0.277499,0
0.300179,0.113464,0.917909,0.996793,0.0976974,1
0.643816,0.623208,0.000930792,0.254323,0.402697,0
0.759184,0.601566,0.120174,0.527959,0.413771,0
0.962611,0.609472,0.24198,0.39173,0.808849,0
0.52845,0.657857,0.323825,0.59649,0.207668,0
0.0149047,0.503829,0.274886,0.852341,0.291852,0
0.856366,0.94154,0.150762,0.456981,0.474435,0
0.895233,0.173606,0.831612,0.790916,0.91787,1
0.265242,0.927808,0.635822,0.663949,0.988449,1
0.146871,0.465102,0.855367,0.968694,0.844316,1
0.903991,0.372624,0.418332,0.691024,0.0441663,0
0.751706,0.915797,0.3023,0.804503,0.286809,0
0.582622,0.136208,0.396536,0.24494,0.706052,0
0.880147,0.633388,0.611762,0.354447,0.184771,1
0.236545,0.609708,0.452028,0.35426,0.0486747,0
0.383493,0.373995,0.0764791,0.727324,0.13208,0
0.181662,0.190508,0.87536,0.871684,0.398112,1
0.888786,0.834671,0.0603254,0.313367,0.76334,0
0.156288,0.732673,0.461781,0.0272134,0.376001,0
0.914705,0.455307,0.454984,0.338685,0.272464,0
0.701242,0.769022,0.295573,0.956775,0.522799,0
0.424604,0.311199,0.681289,0.320885,0.114281,1
0.935188,0.711479,0.713389,0.827477,0.409471,1
0.408654,0.248198,0.970751,0.470906,0.522,1
0.29987,0.910126,0.254495,0.492959,0.166052,0
0.944325,0.265055,0.836672,0.782366,0.232281,1
0.991396,0.395854,0.942642,0.111239,0.596304,1
0.154937,0.0250334,0.0780124,0.737175,0.692841,0
0.667362,0.360196,0.578668,0.818995,0.853594,1
0.496251,0.486837,0.362676,0.270615,0.231524,0
0.393221,0.868351,0.226358,0.37689,0.388957,0
0.0625116,0.633066,0.192067,0.936971,0.675516,0
0.946026,0.865833,0.403162,0.0538103,0.388974,0
0.977002,0.473881,0.488545,0.521269,0.964004,0
0.0901778,0.619037,0.0150586,0.160256,0.425258,0
0.508009,0.103123,0.314245,0.18196,0.197663,0
0.571145,0.241727,0.117783,0.711938,0.5429,0
0.831898,0.716307,0.517929,0.977253,0.691809,1
0.385137,0.999857,0.233735,0.599574,0.0449986,0
0.418038,0.960613,0.29163,0.0279613,0.945761,0
0.999366,0.341886,0.402689,0.0778131,0.804523,0
0.38798,0.781915,0.618694,0.653702,0.77241,1
0.585757,0.817331,0.889307,0.876774,0.941392,1
0.822702,0.153012,0.973869,0.674627,0.448356,1
0.83726,0.832778,0.515073,0.498081,0.239248,1
0.159001,0.325179,0.0423133,0.280504,0.424843,0
0.923483,0.976302,0.339854,0.703397,0.00171527,0
0.231852,0.737937,0.828478,0.512841,0.315611,1
0.126094,0.257773,0.476595,0.386678,0.890355,0
0.323011,0.838197,0.203446,0.576561,0.253456,0
0.783145,0.315098,0.840351,0.85005,0.782953,1
0.406616,0.997823,0.0918312,0.410949,0.81819,0
0.226895,0.421142,0.313811,0.126957,0.76178,0
0.0523697,0.17688,0.241034,0.821029,0.0383615,0
0.960645,0.563465,0.741355,0.155839,0.18565,1
0.874571,0.922219,0.217342,0.738298,0.579216,0
0.273934,0.0163503,0.885957,0.798836,0.0311842,1
0.822785,0.553103,0.113276,0.995699,0.706865,0
0.69943,0.317457,0.271774,0.497654,0.0639075,0
0.109927,0.545829,0.093539,0.752968,0.139471,0
0.889223,0.162688,0.0829945,0.301313,0.161039,0
0.907091,0.473852,0.587904,0.0304458,0.703158,1
0.305804,0.65451,0.982882,0.353845,0.0691969,1
0.113213,0.772847,0.992391,0.232672,0.519305,1
0.415806,0.448747,0.957066,0.0940132,0.0804268,1
0.302777,0.772224,0.733879,0.761851,0.427926,1
0.990807,0.489486,0.152555,0.788217,0.55884,0
0.434372,0.493673,0.417828,0.167398,0.4579,0
0.309853,0.702576,0.925645,0.196556,0.509377,1
0.469384,0.93252,0.0914779,0.857031,0.11376,0
0.627922,0.481434,0.964933,0.454311,0.601681,1
0.0898464,0.0481181,0.451008,0.721127,0.978445,0
0.329677,0.888866,0.72924,0.165514,0.78809,1
0.0821142,0.093941,0.425958,0.866471,0.776022,0
0.0916108,0.702889,0.605646,0.449575,0.0150893,1
0.14468,0.638434,0.605709,0.168098,0.22494,1
0.979037,0.679725,0.568571,0.131212,0.273531,1
0.717572,0.230252,0.236492,0.842392,0.089291,0
0.997386,0.064477,0.713334,0.66414,0.198763,1
0.405193,0.0800159,0.603761,0.827343,0.150874,1
0.779932,0.323927,0.743546,0.239396,0.528336,1
0.0889581,0.118959,0.742791,0.339505,0.0685134,1
0.317021,0.168822,0.50469,0.396032,0.112887,1
0.387234,0.240034,0.28419,0.243598,0.153907,0
0.563528,0.217893,0.714498,0.126576,0.370775,1
0.501871,0.937801,0.614774,0.627726,0.185765,1
0.711715,0.797755,0.154799,0.871707,0.772674,0
0.403901,0.371335,0.327328,0.0205826,0.931039,0
0.942773,0.179359,0.970069,0.49452,0.401928,1
0.0852051,0.0419444,0.203135,0.959076,0.194016,0
0.128736,0.658652,0.833946,0.959421,0.98405,1
0.257754,0.0714001,0.93653,0.0220979,0.398647,1
0.842805,0.0246985,0.0610961,0.108137,0.454097,0
0.146478,0.85236,0.0067321,0.613821,0.483828,0
0.349317,0.968361,0.703716,0.236402,0.200078,1
0.748445,0.121962,0.71082,0.809836,0.905953,1
0.189863,0.022153,0.348616,0.324702,0.269878,0
0.801558,0.791504,0.842554,0.799819,0.560946,1
0.599581,0.150733,0.814101,0.367147,0.645941,1
0.713339,0.0843681,0.323896,0.975454,0.461691,0
0.778837,0.91759,0.636329,0.933881,0.729806,1
0.920392,0.0220216,0.851129,0.117486,0.588253,1
0.915403,0.176907,0.762772,0.273213,0.897147,1
0.389317,0.256141,0.350056,0.960747,0.282441,0
0.583011,0.673668,0.984089,0.337829,0.898945,1
0.746764,0.869238,0.570759,0.286906,0.0291481,1
0.428839,0.49706,0.89138,0.0828449,0.373867,1
0.528786,0.30189,0.575268,0.861636,0.519401,1
0.304768,0.234805,0.569424,0.359592,0.65561,1
0.246431,0.765734,0.829609,0.690196,0.119576,1
0.0741147,0.646231,0.716551,0.196139,0.511045,1
0.945882,0.443204,0.132858,0.926104,0.0283046,0
0.476963,0.314631,0.716159,0.00145341,0.427492,1
0.708318,0.701457,0.850521,0.380532,0.595265,1
0.619266,0.997376,0.621147,0.903567,0.247216,1
0.757048,0.710792,0.953338,0.279145,0.590033,1
0.409442,0.493992,0.692295,0.521214,0.0387863,1
0.940199,0.917742,0.88082,0.482984,0.508169,1
0.47891,0.0406174,0.793805,0.657187,0.349066,1
0.509859,0.195965,0.753109,0.584366,0.445444,1
0.767721,0.0849064,0.580042,0.0216181,0.334881,1
0.744372,0.658323,0.337225,0.442112,0.57877,0
0.426153,0.348645,0.386174,0.678267,0.637822,0
0.331361,0.182004,0.874834,0.949581,0.610778,1
0.0531519,0.324272,0.352475,0.0467263,0.329432,0
0.118498,0.597231,0.759572,0.653904,0.161681,1
0.515376,0.926161,0.380765,0.991073,0.968705,0
0.61926,0.895931,0.021278,0.910757,0.0910294,0
0.028117,0.561819,0.930328,0.48683,0.145573,1
0.920125,0.540063,0.652283,0.846199,0.06597,1
0.970485,0.943836,0.757123,0.0446674,0.724279,1
0.0698273,0.587417,0.96014,0.70929,0.0338213,1
0.494624,0.14515,0.435265,0.535452,0.347855,0
0.935236,0.506302,0.396379,0.410628,0.419177,0
0.650984,0.0862843,0.102199,0.180995,0.986051,0
0.906303,0.23061,0.559583,0.861457,0.513707,1
0.347595,0.0275897,0.876501,0.700365,0.0369778,1
0.288512,0.0189616,0.485886,0.687588,0.297222,0
0.325836,0.330899,0.417108,0.415585,0.740895,0
0.480562,0.812778,0.225351,0.365312,0.792272,0
0.764204,0.97014,0.716295,0.145654,0.0112459,1
0.0926041,0.396456,0.0101203,0.236307,0.611278,0
0.334408,0.39328,0.7506,0.864037,0.877373,1
0.57915,0.77599,0.00925681,0.0586688,0.0471353,0
0.850505,0.445634,0.202526,0.767135,0.243497,0
0.821591,0.473136,0.462237,0.991878,0.48821,0
0.920979,0.893319,0.34265,0.0196798,0.758268,0
0.305977,0.552153,0.211716,0.0360647,0.139292,0
0.38796,0.440952,0.0758843,0.0784239,0.0709429,0
0.0482919,0.641419,0.33766,0.331024,0.521137,0
0.991997,0.501504,0.746653,0.780961,0.612087,1
0.727668,0.914155,0.346506,0.204014,0.860068,0
0.110081,0.131216,0.156072,0.340517,0.0684205,0
0.816731,0.797177,0.943525,0.160967,0.368204,1
0.162415,0.700636,0.400498,0.593044,0.288489,0
0.98271,0.405477,0.63759,0.854829,0.111124,1
0.978482,0.342107,0.668708,0.790791,0.830436,1
0.724917,0.681921,0.140044,0.0519208,0.63219,0
0.707318,0.88633,0.209419,0.548875,0.937212,0
0.488806,0.368448,0.722407,0.510648,0.468,1
0.506876,0.0602592,0.680877,0.776597,0.262673,1
0.910393,0.975207,0.752241,0.304237,0.316352,1
0.922361,0.116928,0.920029,0.201478,0.233505,1
0.298981,0.96954,0.515279,0.0661672,0.0723498,1
0.0915014,0.8646,0.982929,0.327745,0.414591,1
0.644888,0.628913,0.0281219,0.140463,0.764783,0
0.572867,0.177755,0.711583,0.536075,0.809175,1
0.434886,0.13004,0.800883,0.590463,0.908521,1
0.825269,0.288852,0.511622,0.74237,0.00898186,1
0.341283,0.941021,0.958133,0.745942,0.0493336,1
0.328347,0.525978,0.150612,0.115043,0.519372,0
0.231579,0.150988,0.0879533,0.662126,0.347931,0
0.108686,0.687217,0.679426,0.0546051,0.747311,1
0.0983215,0.489103,0.052246,0.354472,0.604719,0
0.506923,0.858486,0.506664,0.578685,0.960695,1
0.906471,0.060539,0.396496,0.478734,0.0865544,0
0.120204,0.260815,0.719053,0.516098,0.0510855,1
0.958062,0.151659,0.593976,0.934148,0.225758,1
0.46499,0.0941066,0.311981,0.650224,0.320349,0
0.898385,0.148797,0.107092,0.823601,0.267586,0
0.403976,0.619899,0.317987,0.638538,0.914905,0
0.898459,0.395232,0.801565,0.663279,0.726804,1
0.446973,0.278873,0.396647,0.0111613,0.588578,0
0.0237591,0.319595,0.226455,0.434111,0.0987913,0
0.800432,0.861363,0.385542,0.933219,0.609412,0
0.385349,0.553373,0.38641,0.543054,0.107909,0
0.185581,0.0654105,0.632129,0.353686,0.397267,1
0.70061,0.159158,0.859981,0.965052,0.634133,1
0.322602,0.976498,0.878046,0.00464614,0.0876697,1
0.902649,0.819117,0.465039,0.906185,0.252221,0
0.822336,0.00290245,0.0816816,0.781486,0.429674,0
0.219524,0.543937,0.527055,0.944811,0.446303,1
0.722205,0.106148,0.0199751,0.0264216,0.0675265,0
0.754894,0.500075,0.918531,0.765551,0.620725,1
0.331607,0.326975,0.525218,0.466786,0.279098,1
0.106361,0.612699,0.800744,0.628187,0.945321,1
0.431275,0.433502,0.00484508,0.875213,0.704428,0
0.652682,0.623755,0.323654,0.443271,0.0512932,0
0.337725,0.147779,0.0845682,0.727586,0.544713,0
0.552001,0.473289,0.98492,0.564413,0.0907103,1
0.677992,0.017024,0.567661,0.123185,0.370662,1
0.713872,0.0417417,0.723015,0.552438,0.820207,1
0.275262,0.333853,0.216117,0.0616734,0.544638,0
0.156111,0.751734,0.739166,0.388314,0.398462,1
0.398251,0.404581,0.958136,0.797082,0.563644,1
0.132264,0.96374,0.163333,0.571317,0.11791,0
0.743201,0.982761,0.717543,0.25888,0.998324,1
0.796393,0.983584,0.826667,0.0897025,0.629833,1
0.97873,0.507676,0.596893,0.515455,0.251964,1
0.0214953,0.270926,0.75546,0.454812,0.0200133,1
0.131796,0.10007,0.362833,0.874075,0.58075,0
0.337136,0.236951,0.659091,0.428025,0.812215,1
0.154111,0.135192,0.89416,0.179205,0.902881,1
0.545532,0.76322,0.715687,0.433413,0.376197,1
0.213873,0.558314,0.745714,0.583704,0.314477,1
0.409888,0.97993,0.407771,0.678648,0.0406765,0
0.868318,0.817383,0.649305,0.752482,0.967583,1
0.103263,0.544741,0.16458,0.455903,0.364553,0
0.670702,0.490291,0.0459731,0.312535,0.775951,0
0.501592,0.254447,0.41682,0.494536,0.671726,0
0.0674771,0.0879422,0.705305,0.0440515,0.374047,1
0.63212,0.0436501,0.603001,0.627622,0.451168,1
0.126131,0.875766,0.777124,0.00504274,0.753412,1
0.222378,0.512427,0.593813,0.360591,0.448094,1
0.938287,0.789643,0.122445,0.525037,0.299578,0
0.897704,0.714189,0.00939476,0.379764,0.690067,0
0.290496,0.366143,0.963842,0.760643,0.12443,1
0.928545,0.0539445,0.297967,0.644698,0.441381,0
0.0735543,0.227203,0.29857,0.599647,0.261389,0
0.108424,0.281417,0.157738,0.777534,0.0204183,0
0.511391,0.947874,0.171031,0.917086,0.464411,0
0.684004,0.0484779,0.350073,0.767944,0.835858,0
0.0532543,0.0446023,0.268879,0.631014,0.446514,0
0.750488,0.453896,0.56237,0.625083,0.772826,1
0.230219,0.284818,0.882325,0.94265,0.123364,1
0.128182,0.354828,0.386037,0.59917,0.244737,0
0.75403,0.988836,0.291352,0.370279,0.279393,0
0.556661,0.808522,0.759062,0.832766,0.300911,1
0.0774312,0.386227,0.407751,0.320167,0.0417225,0
0.701042,0.409131,0.229827,0.258174,0.135559,0
0.318514,0.256672,0.345054,0.878966,0.77587,0
0.536189,0.735604,0.0491781,0.301283,0.662523,0
0.114883,0.836399,0.0254129,0.355724,0.659867,0
0.659934,0.511348,0.381963,0.220452,0.137367,0
0.113562,0.633122,0.727739,0.886905,0.20609,1
0.0644387,0.0220411,0.754749,0.44401,0.476312,1
0.257557,0.758819,0.37242,0.469426,0.64558,0
0.314665,0.578452,0.264908,0.0509224,0.8529,0
0.966035,0.146544,0.689294,0.959596,0.922398,1
0.23113,0.59423,0.746786,0.219246,0.87348,1
0.169836,0.425899,0.585897,0.0783746,0.241074,1
0.437953,0.674681,0.728294,0.357005,0.183815,1
0.571744,0.307111,0.370772,0.61974,0.9693,0
0.317193,0.0604153,0.0314939,0.399542,0.100067,0
0.832906,0.652688,0.831132,0.723862,0.943119,1
0.678406,0.963459,0.998969,0.854732,0.475272,1
0.865247,0.208833,0.903306,0.848362,0.419228,1
0.779527,0.505766,0.968452,0.412197,0.794957,1
0.992604,0.692932,0.838162,0.104841,0.0622015,1
0.429321,0.595959,0.420446,0.279847,0.384591,0
0.786939,0.0850042,0.822085,0.665476,0.66344,1
0.0767312,0.621637,0.434704,0.848568,0.877004,0
0.522531,0.179201,0.81017,0.838125,0.372028,1
0.892028,0.317291,0.667097,0.707889,0.498559,1
0.0598521,0.934683,0.287205,0.218287,0.756709,0
0.930287,0.33708,0.00261381,0.301277,0.559301,0
